214.2878        216.9091        220.9309        224.9166     
    228.9259        232.9783        237.0861        241.2566     
    245.4951        249.8064        254.1945        258.6633     
    263.2167        267.8353        272.1296        275.8677     
    279.1269        282.0148        284.6100        286.9680     
    289.1313        291.1324        292.9957        294.7411     
    296.3837        297.9366        299.4095        300.8107     
    302.1472        303.4251        304.6492        305.8236     
    306.9519        308.0371        309.0825        310.0901     
    311.0622        312.0006        312.9069        313.7825     
    314.6289        315.4472        316.2385        317.0038     
    317.7439       
	319.1524        319.8240        320.4753        321.1065     
    321.7182        322.3108        322.8846        323.4401     
    323.9775        324.4972        324.9996        325.4848     
    325.9533        326.4053        326.8409        327.2605     
    327.6643        328.0524        328.4252        328.7827     
    329.1251        329.4527        329.7655        330.0637     
    330.3475        330.6170        330.8723        331.1135     
    331.3407        331.5541        331.7537        331.9397     
    332.1120        332.2708        332.4161        332.5481     
    332.6667        332.7721        332.8641        332.9430     
    333.0086        333.0612        333.1008        333.1274     
    333.1410    
318.3742        317.6458        316.8934        316.1161     
    315.3132        314.4834        313.6259        312.7392     
    311.8223        310.8735        309.8913        308.8737     
    307.8189        306.7244        305.5877        304.4053     
    303.1738        301.8892        300.5467        299.1409     
    297.6653        296.1116        294.4703        292.7302     
    290.8768        288.8924        286.7550        284.4358     
    281.8984        279.0942        275.9578        272.4004     
    268.3446        263.9810        259.6158        255.3297     
    251.1185        246.9792        242.9061        238.8920     
    234.9295        231.0051        227.0895        223.1020     
    218.6920
	
	 333.1416        333.1293        333.1039        333.0656     
    333.0142        332.9496        332.8718        332.7808     
    332.6764        332.5587        332.4276        332.2832     
    332.1252        331.9536        331.7683        331.5694     
    331.3565        331.1297        330.8889        330.6339     
    330.3645        330.0808        329.7824        329.4694     
    329.1414        328.7984        328.4401        328.0664     
    327.6770        327.2717        326.8503        326.4125     
    325.9581        325.4868        324.9981        324.4919     
    323.9677        323.4254        322.8642        322.2840     
    321.6842        321.0645        320.4241        319.7627     
    319.0796